   -0.5981074968514686D+06    0.8458517338043702D+06    0.1824818827337160D+05    0.8458517338043702D+06   -0.1196214658364937D+07    0.1290341767246989D+05    0.1824818827337160D+05    0.1290341767246989D+05    0.3353380000000000D+00
   -0.1150228659479647D+06    0.1626668970066342D+06    0.9343072395966256D+04    0.1626668970066342D+06   -0.2300453965579294D+06    0.6606549848304585D+04    0.9343072395966256D+04    0.6606549848304585D+04    0.3353380000000000D+00
   -0.3210525044756073D+05    0.4540368060632527D+05    0.5406870599517510D+04    0.4540368060632527D+05   -0.6421016555712147D+05    0.3823234865917005D+04    0.5406870599517510D+04    0.3823234865917005D+04    0.3353380000000000D+00
   -0.1178248270635485D+05    0.1666294684175348D+05    0.3404909765293825D+04    0.1666294684175348D+05   -0.2356463007470970D+05    0.2407634784367560D+04    0.3404909765293825D+04    0.2407634784367560D+04    0.3353380000000000D+00
   -0.5326267854450030D+04    0.7532480236595080D+04    0.2281023534171449D+04    0.7532480236595080D+04   -0.1065220037090006D+05    0.1612927209058736D+04    0.2281023534171449D+04    0.1612927209058736D+04    0.3353380000000000D+00
   -0.2821723412461378D+04    0.3990519519168572D+04    0.1602035733190373D+04    0.3990519519168572D+04   -0.5643111486922756D+04    0.1132810330642076D+04    0.1602035733190373D+04    0.1132810330642076D+04    0.3353380000000000D+00
   -0.1683896947103616D+04    0.2381389900232584D+04    0.1167884049495782D+04    0.2381389900232584D+04   -0.3367458556207231D+04    0.8258187310380731D+03    0.1167884049495782D+04    0.8258187310380731D+03    0.3353380000000000D+00
   -0.1097734374592442D+04    0.1552430840431780D+04    0.8774485721230518D+03    0.1552430840431780D+04   -0.2195133411184885D+04    0.6204498354906634D+03    0.8774485721230518D+03    0.6204498354906634D+03    0.3353380000000000D+00
   -0.7640938838078370D+03    0.1080591933407375D+04    0.6758588249396887D+03    0.1080591933407375D+04   -0.1527852429615674D+04    0.4779043582396257D+03    0.6758588249396887D+03    0.4779043582396257D+03    0.3353380000000000D+00
   -0.5586186797303556D+03    0.7900061130696213D+03    0.5315812696840155D+03    0.7900061130696213D+03   -0.1116902021460711D+04    0.3758847205453223D+03    0.5315812696840155D+03    0.3758847205453223D+03    0.3353380000000000D+00
   -0.4239571137771345D+03    0.5995659001681770D+03    0.4256137206617281D+03    0.5995659001681770D+03   -0.8475788895542690D+03    0.3009543480459450D+03    0.4256137206617281D+03    0.3009543480459450D+03    0.3353380000000000D+00
   -0.3312488464459202D+03    0.4684566111642632D+03    0.3460397183691206D+03    0.4684566111642632D+03   -0.6621623548918404D+03    0.2446870314186883D+03    0.3460397183691206D+03    0.2446870314186883D+03    0.3353380000000000D+00
   -0.2648625366153488D+03    0.3745721914459667D+03    0.2851279417714312D+03    0.3745721914459667D+03   -0.5293897352306975D+03    0.2016159011323420D+03    0.2851279417714312D+03    0.2016159011323420D+03    0.3353380000000000D+00
   -0.2157895330303355D+03    0.3051724842296574D+03    0.2377130163842422D+03    0.3051724842296574D+03   -0.4312437280606710D+03    0.1680884858616066D+03    0.2377130163842422D+03    0.1680884858616066D+03    0.3353380000000000D+00
   -0.1785581715661458D+03    0.2525193879013854D+03    0.2002544666487966D+03    0.2525193879013854D+03   -0.3567810051322917D+03    0.1416012913302594D+03    0.2002544666487966D+03    0.1416012913302594D+03    0.3353380000000000D+00
   -0.1496940218920465D+03    0.2116993159659071D+03    0.1702703090094448D+03    0.2116993159659071D+03   -0.2990527057840930D+03    0.1203992901353074D+03    0.1702703090094448D+03    0.1203992901353074D+03    0.3353380000000000D+00
   -0.1269059731318273D+03    0.1794721483491858D+03    0.1459855061869728D+03    0.1794721483491858D+03   -0.2534766082636546D+03    0.1032273413797591D+03    0.1459855061869728D+03    0.1032273413797591D+03    0.3353380000000000D+00
   -0.1086337554412772D+03    0.1536313302765762D+03    0.1261077690849565D+03    0.1536313302765762D+03   -0.2169321728825543D+03    0.8917165868028000D+02    0.1261077690849565D+03    0.8917165868028000D+02    0.3353380000000000D+00
   -0.9378503168066910D+02    0.1326320637503926D+03    0.1096810715153815D+03    0.1326320637503926D+03   -0.1872347253613382D+03    0.7755622943633293D+02    0.1096810715153815D+03    0.7755622943633293D+02    0.3353380000000000D+00
   -0.8157659365091786D+02    0.1153667251133270D+03    0.9598784001773502D+02    0.1153667251133270D+03   -0.1628178493018357D+03    0.6787365258798989D+02    0.9598784001773502D+02    0.6787365258798989D+02    0.3353380000000000D+00
   -0.7143510846327545D+02    0.1010244992183572D+03    0.8448235311746109D+02    0.1010244992183572D+03   -0.1425348789265509D+03    0.5973804477995321D+02    0.8448235311746109D+02    0.5973804477995321D+02    0.3353380000000000D+00
   -0.6293318691677641D+02    0.8900096646106623D+02    0.7474457916773005D+02    0.8900096646106623D+02   -0.1255310358335528D+03    0.5285239878643668D+02    0.7474457916773005D+02    0.5285239878643668D+02    0.3353380000000000D+00
   -0.5574709101740306D+02    0.7883829217965875D+02    0.6644765871050194D+02    0.7883829217965875D+02   -0.1111588440348061D+03    0.4698559006816529D+02    0.6644765871050194D+02    0.4698559006816529D+02    0.3353380000000000D+00
   -0.4962808617951143D+02    0.7018471254968584D+02    0.5933465678482863D+02    0.7018471254968584D+02   -0.9892083435902288D+02    0.4195593817192872D+02    0.5933465678482863D+02    0.4195593817192872D+02    0.3353380000000000D+00
   -0.4438262220078750D+02    0.6276650625003490D+02    0.5320171508271601D+02    0.6276650625003490D+02   -0.8842990640157500D+02    0.3761929350574312D+02    0.5320171508271601D+02    0.3761929350574312D+02    0.3353380000000000D+00
   -0.3985836080180338D+02    0.5636823441987050D+02    0.4788568819942523D+02    0.5636823441987050D+02   -0.7938138360360678D+02    0.3386029484759822D+02    0.4788568819942523D+02    0.3386029484759822D+02    0.3353380000000000D+00
   -0.3593415645845642D+02    0.5081857141598581D+02    0.4325496479614007D+02    0.5081857141598581D+02   -0.7153297491691283D+02    0.3058587892733604D+02    0.4325496479614007D+02    0.3058587892733604D+02    0.3353380000000000D+00
   -0.3251276116302820D+02    0.4597998778695173D+02    0.3920257962122057D+02    0.4597998778695173D+02   -0.6469018432605641D+02    0.2772040989017062D+02    0.3920257962122057D+02    0.2772040989017062D+02    0.3353380000000000D+00
   -0.2951543834101124D+02    0.4174113320124496D+02    0.3564099272142890D+02    0.4174113320124496D+02   -0.5869553868202249D+02    0.2520198764154276D+02    0.3564099272142890D+02    0.2520198764154276D+02    0.3353380000000000D+00
   -0.2687793577445090D+02    0.3801114130082147D+02    0.3249809526381674D+02    0.3801114130082147D+02   -0.5342053354890181D+02    0.2297962353669124D+02    0.3249809526381674D+02    0.2297962353669124D+02    0.3353380000000000D+00
   -0.2454743969526803D+02    0.3471532213858373D+02    0.2971412704803028D+02    0.3471532213858373D+02   -0.4875954139053606D+02    0.2101106073270082D+02    0.2971412704803028D+02    0.2101106073270082D+02    0.3353380000000000D+00
   -0.2248024648889879D+02    0.3179186947009082D+02    0.2723927812235060D+02    0.3179186947009082D+02   -0.4462515497779758D+02    0.1926107827494048D+02    0.2723927812235060D+02    0.1926107827494048D+02    0.3353380000000000D+00
   -0.2063996552129880D+02    0.2918931916713383D+02    0.2503180833109958D+02    0.2918931916713383D+02   -0.4094459304259760D+02    0.1770016141628243D+02    0.2503180833109958D+02    0.1770016141628243D+02    0.3353380000000000D+00
   -0.1899611939360416D+02    0.2686456967889357D+02    0.2305656228645454D+02    0.2686456967889357D+02   -0.3765690078720831D+02    0.1630345154360202D+02    0.2305656228645454D+02    0.1630345154360202D+02    0.3353380000000000D+00
   -0.1752304460802158D+02    0.2478132733873286D+02    0.2128378862618060D+02    0.2478132733873286D+02   -0.3471075121604316D+02    0.1504991126691342D+02    0.2128378862618060D+02    0.1504991126691342D+02    0.3353380000000000D+00
   -0.1619902145171417D+02    0.2290887583418688D+02    0.1968819517348206D+02    0.2290887583418688D+02   -0.3206270490342834D+02    0.1392165631649342D+02    0.1968819517348206D+02    0.1392165631649342D+02    0.3353380000000000D+00
   -0.1500558030935147D+02    0.2122109518476351D+02    0.1824818827337159D+02    0.2122109518476351D+02   -0.2967582261870294D+02    0.1290341767246989D+02    0.1824818827337159D+02    0.1290341767246989D+02    0.3353380000000000D+00
   -0.1392694488109769D+02    0.1969567433327091D+02    0.1694525688100553D+02    0.1969567433327091D+02   -0.2751855176219538D+02    0.1198210604950702D+02    0.1694525688100553D+02    0.1198210604950702D+02    0.3353380000000000D+00
   -0.1294958244712111D+02    0.1831347512378724D+02    0.1576347113561956D+02    0.1831347512378724D+02   -0.2556382689424222D+02    0.1114645733503500D+02    0.1576347113561956D+02    0.1114645733503500D+02    0.3353380000000000D+00
   -0.1206183842996665D+02    0.1705801549481184D+02    0.1468907202505166D+02    0.1705801549481184D+02   -0.2378833885993330D+02    0.1038674243825164D+02    0.1468907202505166D+02    0.1038674243825164D+02    0.3353380000000000D+00
   -0.1125363778584178D+02    0.1591504718277177D+02    0.1371013393942268D+02    0.1591504718277177D+02   -0.2217193757168355D+02    0.9694528679541616D+01    0.1371013393942268D+02    0.9694528679541616D+01    0.3353380000000000D+00
   -0.1051623971037852D+02    0.1487220882358382D+02    0.1281628586552298D+02    0.1487220882358382D+02   -0.2069714142075705D+02    0.9062482645136604D+01    0.1281628586552298D+02    0.9062482645136604D+01    0.3353380000000000D+00
   -0.9842035130547668D+01    0.1391873956297297D+02    0.1199848000221688D+02    0.1391873956297297D+02   -0.1934873226109534D+02    0.8484206573498737D+01    0.1199848000221688D+02    0.8484206573498737D+01    0.3353380000000000D+00
   -0.9224378726576594D+01    0.1304524149959048D+02    0.1124879891253173D+02    0.1304524149959048D+02   -0.1811341945315319D+02    0.7954101991255050D+01    0.1124879891253173D+02    0.7954101991255050D+01    0.3353380000000000D+00
   -0.8657448969168705D+01    0.1224348174775136D+02    0.1056029413968264D+02    0.1224348174775136D+02   -0.1697955993833741D+02    0.7467255597494151D+01    0.1056029413968264D+02    0.7467255597494151D+01    0.3353380000000000D+00
   -0.8136131001130728D+01    0.1150622680704326D+02    0.9926850627678790D+01    0.1150622680704326D+02   -0.1593692400226146D+02    0.7019343394657609D+01    0.9926850627678790D+01    0.7019343394657609D+01    0.3353380000000000D+00
   -0.7655918236187965D+01    0.1082710340203653D+02    0.9343072395966256D+01    0.1082710340203653D+02   -0.1497649847237593D+02    0.6606549848304585D+01    0.9343072395966256D+01    0.6606549848304585D+01    0.3353380000000000D+00
   -0.7212829363308332D+01    0.1020048110867354D+02    0.8804185792008971D+01    0.1020048110867354D+02   -0.1409032072661666D+02    0.6225499476355798D+01    0.8804185792008971D+01    0.6225499476355798D+01    0.3353380000000000D+00
   -0.6803338085838620D+01    0.9621372990402388D+01    0.8305957338812743D+01    0.9621372990402388D+01   -0.1327133817167724D+02    0.5873198758520661D+01    0.8305957338812743D+01    0.5873198758520661D+01    0.3353380000000000D+00
   -0.6424313431328606D+01    0.9085351183520550D+01    0.7844623746420078D+01    0.9085351183520550D+01   -0.1251328886265721D+02    0.5546986646950658D+01    0.7844623746420078D+01    0.5546986646950658D+01    0.3353380000000000D+00
   -0.6072968870373403D+01    0.8588474940351682D+01    0.7416832098103579D+01    0.8588474940351682D+01   -0.1181059974074680D+02    0.5244492271491090D+01    0.7416832098103579D+01    0.5244492271491090D+01    0.3353380000000000D+00
   -0.5746818804145420D+01    0.8127229093323185D+01    0.7019588576984415D+01    0.8127229093323185D+01   -0.1115829960829084D+02    0.4963598683925308D+01    0.7019588576984415D+01    0.4963598683925308D+01    0.3353380000000000D+00
   -0.5443641238091836D+01    0.7698471267602941D+01    0.6650214385339502D+01    0.7698471267602941D+01   -0.1055194447618367D+02    0.4702411688217890D+01    0.6650214385339502D+01    0.4702411688217890D+01    0.3353380000000000D+00
   -0.5161445667050434D+01    0.7299386463794571D+01    0.6306307741090548D+01    0.7299386463794571D+01   -0.9987553334100868D+01    0.4459232967974346D+01    0.6306307741090548D+01    0.4459232967974346D+01    0.3353380000000000D+00
   -0.4898445365227582D+01    0.6927447870048476D+01    0.5985711024928154D+01    0.6927447870048476D+01   -0.9461552730455164D+01    0.4232536855949778D+01    0.5985711024928154D+01    0.4232536855949778D+01    0.3353380000000000D+00
   -0.4653033411199581D+01    0.6580382956293594D+01    0.5686482305862732D+01    0.6580382956293594D+01   -0.8970728822399161D+01    0.4020950199572854D+01    0.5686482305862732D+01    0.4020950199572854D+01    0.3353380000000000D+00
   -0.4423761889679385D+01    0.6256144061093818D+01    0.5406870599517509D+01    0.6256144061093818D+01   -0.8512185779358770D+01    0.3823234865917005D+01    0.5406870599517509D+01    0.3823234865917005D+01    0.3353380000000000D+00
   -0.4209323803207536D+01    0.5952882810915995D+01    0.5145294317567471D+01    0.5952882810915995D+01   -0.8083309606415073D+01    0.3638272503152568D+01    0.5145294317567471D+01    0.3638272503152568D+01    0.3353380000000000D+00
   -0.4008537302100786D+01    0.5668927817909388D+01    0.4900322452652571D+01    0.5668927817909388D+01   -0.7681736604201571D+01    0.3465051236271328D+01    0.4900322452652571D+01    0.3465051236271328D+01    0.3353380000000000D+00
   -0.3820331903030246D+01    0.5402765190031991D+01    0.4670658114257647D+01    0.5402765190031991D+01   -0.7305325806060493D+01    0.3302654025195556D+01    0.4670658114257647D+01    0.3302654025195556D+01    0.3353380000000000D+00
   -0.3643736417974339D+01    0.5153021460012072D+01    0.4455124090178612D+01    0.5153021460012072D+01   -0.6952134835948678D+01    0.3150248455192844D+01    0.4455124090178612D+01    0.3150248455192844D+01    0.3353380000000000D+00
   -0.3477868357973986D+01    0.4918448599995058D+01    0.4252650157472124D+01    0.4918448599995058D+01   -0.6620398715947973D+01    0.3007077764362578D+01    0.4252650157472124D+01    0.3007077764362578D+01    0.3353380000000000D+00
   -0.3321924611692032D+01    0.4697910839035848D+01    0.4062261907977092D+01    0.4697910839035848D+01   -0.6308511223384063D+01    0.2872452942086405D+01    0.4062261907977092D+01    0.2872452942086405D+01    0.3353380000000000D+00
   -0.3175173228520222D+01    0.4490373042657264D+01    0.3883070888027390D+01    0.4490373042657264D+01   -0.6015008457040443D+01    0.2745745756752237D+01    0.3883070888027390D+01    0.2745745756752237D+01    0.3353380000000000D+00
   -0.3036946160915604D+01    0.4294890448963750D+01    0.3714265881003784D+01    0.4294890448963750D+01   -0.5738554321831207D+01    0.2626382591587602D+01    0.3714265881003784D+01    0.2626382591587602D+01    0.3353380000000000D+00
   -0.2906632841619344D+01    0.4110599585457124D+01    0.3555105185842038D+01    0.4110599585457124D+01   -0.5477927683238687D+01    0.2513838984740366D+01    0.3555105185842038D+01    0.2513838984740366D+01    0.3353380000000000D+00
   -0.2783674489094780D+01    0.3936710215709834D+01    0.3404909765293825D+01    0.3936710215709834D+01   -0.5232010978189560D+01    0.2407634784367560D+01    0.3404909765293825D+01    0.2407634784367560D+01    0.3353380000000000D+00
   -0.2667559049473228D+01    0.3772498186196122D+01    0.3263057155258659D+01    0.3772498186196122D+01   -0.4999780098946456D+01    0.2307329841882684D+01    0.3263057155258659D+01    0.2307329841882684D+01    0.3353380000000000D+00
   -0.2557816695970535D+01    0.3617299061505870D+01    0.3128976041387448D+01    0.3617299061505870D+01   -0.4780295391941070D+01    0.2212520177035304D+01    0.3128976041387448D+01    0.2212520177035304D+01    0.3353380000000000D+00
   -0.2454015817508502D+01    0.3470502451398622D+01    0.3002141421829334D+01    0.3470502451398622D+01   -0.4572693635017004D+01    0.2122834557456546D+01    0.3002141421829334D+01    0.2122834557456546D+01    0.3353380000000000D+00
   -0.2355759437451096D+01    0.3331546946131754D+01    0.2882070285806818D+01    0.3331546946131754D+01   -0.4376180874902193D+01    0.2037931442950252D+01    0.2882070285806818D+01    0.2037931442950252D+01    0.3353380000000000D+00
   -0.2262682011200650D+01    0.3199915587577591D+01    0.2768317746952965D+01    0.3199915587577591D+01   -0.4190026022401300D+01    0.1957496251349506D+01    0.2768317746952965D+01    0.1957496251349506D+01    0.3353380000000000D+00
   -0.2174446558105097D+01    0.3075131813127724D+01    0.2660473578272575D+01    0.3075131813127724D+01   -0.4013555116210194D+01    0.1881238908364177D+01    0.2660473578272575D+01    0.1881238908364177D+01    0.3353380000000000D+00
   -0.2090742088879326D+01    0.2956755817517398D+01    0.2558159102399568D+01    0.2956755817517398D+01   -0.3846146177758652D+01    0.1808891648660826D+01    0.2558159102399568D+01    0.1808891648660826D+01    0.3353380000000000D+00
   -0.2011281294688209D+01    0.2844381284695382D+01    0.2461024396685256D+01    0.2844381284695382D+01   -0.3687224589376418D+01    0.1740207039561677D+01    0.2461024396685256D+01    0.1740207039561677D+01    0.3353380000000000D+00
   -0.1935798468298073D+01    0.2737632447888198D+01    0.2368745777708826D+01    0.2737632447888198D+01   -0.3536258936596146D+01    0.1674956202324914D+01    0.2368745777708826D+01    0.1674956202324914D+01    0.3353380000000000D+00
   -0.1864047631379840D+01    0.2636161441206814D+01    0.2281023534171449D+01    0.2636161441206814D+01   -0.3392757262759680D+01    0.1612927209058736D+01    0.2281023534171449D+01    0.1612927209058736D+01    0.3353380000000000D+00
   -0.1795800845226652D+01    0.2539645910640599D+01    0.2197579880919579D+01    0.2539645910640599D+01   -0.3256263690453304D+01    0.1553923635997360D+01    0.2197579880919579D+01    0.1553923635997360D+01    0.3353380000000000D+00
   -0.1730846684904109D+01    0.2447786856179903D+01    0.2118157110125691D+01    0.2447786856179903D+01   -0.3126355369808218D+01    0.1497763256188377D+01    0.2118157110125691D+01    0.1497763256188377D+01    0.3353380000000000D+00
   -0.1668988859243285D+01    0.2360306680191454D+01    0.2042515918507734D+01    0.2360306680191454D+01   -0.3002639718486569D+01    0.1444276856658289D+01    0.2042515918507734D+01    0.1444276856658289D+01    0.3353380000000000D+00
   -0.1610044961167142D+01    0.2276947420113035D+01    0.1970433891952445D+01    0.2276947420113035D+01   -0.2884751922334283D+01    0.1393307166879375D+01    0.1970433891952445D+01    0.1393307166879375D+01    0.3353380000000000D+00
   -0.1553845334653692D+01    0.2197469146097412D+01    0.1901704131073938D+01    0.2197469146097412D+01   -0.2772352669307384D+01    0.1344707886892852D+01    0.1901704131073938D+01    0.1344707886892852D+01    0.3353380000000000D+00
   -0.1500232046221388D+01    0.2121648506473028D+01    0.1836134003131457D+01    0.2121648506473028D+01   -0.2665126092442776D+01    0.1298342804781455D+01    0.1836134003131457D+01    0.1298342804781455D+01    0.3353380000000000D+00
   -0.1449057950205434D+01    0.2049277405845082D+01    0.1773544007386120D+01    0.2049277405845082D+01   -0.2562777900410868D+01    0.1254084994355490D+01    0.1773544007386120D+01    0.1254084994355490D+01    0.3353380000000000D+00
   -0.1400185838305051D+01    0.1980161802373744D+01    0.1713766742427836D+01    0.1980161802373744D+01   -0.2465033676610102D+01    0.1211816084942702D+01    0.1713766742427836D+01    0.1211816084942702D+01    0.3353380000000000D+00
   -0.1353487664944178D+01    0.1914120612268749D+01    0.1656645965277597D+01    0.1914120612268749D+01   -0.2371637329888356D+01    0.1171425596073122D+01    0.1656645965277597D+01    0.1171425596073122D+01    0.3353380000000000D+00
   -0.1308843840921481D+01    0.1850984710859653D+01    0.1602035733190373D+01    0.1850984710859653D+01   -0.2282349681842962D+01    0.1132810330642076D+01    0.1602035733190373D+01    0.1132810330642076D+01    0.3353380000000000D+00
   -0.1266142588646738D+01    0.1790596020762396D+01    0.1549799620070016D+01    0.1790596020762396D+01   -0.2196947177293476D+01    0.1095873820831844D+01    0.1549799620070016D+01    0.1095873820831844D+01    0.3353380000000000D+00
   -0.1225279352984313D+01    0.1732806678686147D+01    0.1499810000277110D+01    0.1732806678686147D+01   -0.2115220705968626D+01    0.1060525821687342D+01    0.1499810000277110D+01    0.1060525821687342D+01    0.3353380000000000D+00
   -0.1186156262362954D+01    0.1677478273327469D+01    0.1451947393378540D+01    0.1677478273327469D+01   -0.2036974524725908D+01    0.1026681847784097D+01    0.1451947393378540D+01    0.1026681847784097D+01    0.3353380000000000D+00
   -0.1148681635375434D+01    0.1624481147596844D+01    0.1406099864066466D+01    0.1624481147596844D+01   -0.1962025270750867D+01    0.9942627489068812D+00    0.1406099864066466D+01    0.9942627489068812D+00    0.3353380000000000D+00
   -0.1112769528590889D+01    0.1573693759128751D+01    0.1362162472075558D+01    0.1573693759128751D+01   -0.1890201057181778D+01    0.9631943210824588D+00    0.1362162472075558D+01    0.9631943210824588D+00    0.3353380000000000D+00
   -0.1078339321745189D+01    0.1525002093652251D+01    0.1320036767460330D+01    0.1525002093652251D+01   -0.1821340643490378D+01    0.9334069496867688D+00    0.1320036767460330D+01    0.9334069496867688D+00    0.3353380000000000D+00
   -0.1045315336867266D+01    0.1478299126354288D+01    0.1279630327067616D+01    0.1478299126354288D+01   -0.1755292673734531D+01    0.9048352816814708D+00    0.1279630327067616D+01    0.9048352816814708D+00    0.3353380000000000D+00
   -0.1013626488248158D+01    0.1433484326861158D+01    0.1240856328459849D+01    0.1433484326861158D+01   -0.1691914976496316D+01    0.8774179243322011D+00    0.1240856328459849D+01    0.8774179243322011D+00    0.3353380000000000D+00
   -0.9832059604698184D+00    0.1390463203902482D+01    0.1203633157919138D+01    0.1390463203902482D+01   -0.1631073920939637D+01    0.8510971680256014D+00    0.1203633157919138D+01    0.8510971680256014D+00    0.3353380000000000D+00
   -0.9539909119871036D+00    0.1349146886112840D+01    0.1167884049495782D+01    0.1349146886112840D+01   -0.1572643823974207D+01    0.8258187310380731D+00    0.1167884049495782D+01    0.8258187310380731D+00    0.3353380000000000D+00
   -0.9259222020028442D+00    0.1309451735774783D+01    0.1133536752362448D+01    0.1309451735774783D+01   -0.1516506404005688D+01    0.8015315243196630D+00    0.1133536752362448D+01    0.8015315243196630D+00    0.3353380000000000D+00
   -0.8989441385959405D+00    0.1271298992618178D+01    0.1100523224001121D+01    0.1271298992618178D+01   -0.1462550277191881D+01    0.7781874345444748D+00    0.1100523224001121D+01    0.7781874345444748D+00    0.3353380000000000D+00
   -0.8730042462591312D+00    0.1234614445068965D+01    0.1068779346987657D+01    0.1234614445068965D+01   -0.1410670492518262D+01    0.7557411238471028D+00    0.1068779346987657D+01    0.7557411238471028D+00    0.3353380000000000D+00
   -0.8480530511791153D+00    0.1199328126589389D+01    0.1038244667351593D+01    0.1199328126589389D+01   -0.1360768102358230D+01    0.7341498448150826D+00    0.1038244667351593D+01    0.7341498448150826D+00    0.3353380000000000D+00
   -0.8240438827494032D+00    0.1165374034974791D+01    0.1008862152679652D+01    0.1165374034974791D+01   -0.1312749765498806D+01    0.7133732694422400D+00    0.1008862152679652D+01    0.7133732694422400D+00    0.3353380000000000D+00
   -0.8009326899477253D+00    0.1132689872672038D+01    0.9805779683025098D+00    0.1132689872672038D+01   -0.1266527379895450D+01    0.6933733308688322D+00    0.9805779683025098D+00    0.6933733308688322D+00    0.3353380000000000D+00
   -0.7786778713368072D+00    0.1101216806364325D+01    0.9533412700580976D+00    0.1101216806364325D+01   -0.1222017742673614D+01    0.6741140768430766D+00    0.9533412700580976D+00    0.6741140768430766D+00    0.3353380000000000D+00
   -0.7572401175614729D+00    0.1070899244228432D+01    0.9271040122629474D+00    0.1070899244228432D+01   -0.1179142235122946D+01    0.6555615339363863D+00    0.9271040122629474D+00    0.6555615339363863D+00    0.3353380000000000D+00
   -0.7365822653177238D+00    0.1041684629415822D+01    0.9018207696474612D+00    0.1041684629415822D+01   -0.1137826530635448D+01    0.6376835816325913D+00    0.9018207696474612D+00    0.6376835816325913D+00    0.3353380000000000D+00
   -0.7166691618619377D+00    0.1013523248439711D+01    0.8774485721230518D+00    0.1013523248439711D+01   -0.1098000323723876D+01    0.6204498354906635D+00    0.8774485721230518D+00    0.6204498354906635D+00    0.3353380000000000D+00
   -0.6974675392117080D+00    0.9863680532681860D+00    0.8539467513501683D+00    0.9863680532681860D+00   -0.1059597078423416D+01    0.6038315386519266D+00    0.8539467513501683D+00    0.6038315386519266D+00    0.3353380000000000D+00
   -0.6789458972650952D+00    0.9601744960298678D+00    0.8312767981674377D+00    0.9601744960298678D+00   -0.1022553794530190D+01    0.5878014610272363D+00    0.8312767981674377D+00    0.5878014610272363D+00    0.3353380000000000D+00
   -0.6610743951330249D+00    0.9349003753347142D+00    0.8094022300245839D+00    0.9349003753347142D+00   -0.9868107902660498D+00    0.5723338055578971D+00    0.8094022300245839D+00    0.5723338055578971D+00    0.3353380000000000D+00
   -0.6438247500410175D+00    0.9105056932994748D+00    0.7882884676363185D+00    0.9105056932994748D+00   -0.9523115000820350D+00    0.5574041209967933D+00    0.7882884676363185D+00    0.5574041209967933D+00    0.3353380000000000D+00
   -0.6271701432120452D+00    0.8869525224459507D+00    0.7679027201418802D+00    0.8869525224459507D+00   -0.9190022864240904D+00    0.5429892207039192D+00    0.7679027201418802D+00    0.5429892207039192D+00    0.3353380000000000D+00
   -0.6110851321926775D+00    0.8642048817114402D+00    0.7482138781160192D+00    0.8642048817114402D+00   -0.8868322643853549D+00    0.5290671069937223D+00    0.7482138781160192D+00    0.5290671069937223D+00    0.3353380000000000D+00
   -0.5955455691303420D+00    0.8422286208753333D+00    0.7291924138326686D+00    0.8422286208753333D+00   -0.8557531382606839D+00    0.5156169006108673D+00    0.7291924138326686D+00    0.5156169006108673D+00    0.3353380000000000D+00
   -0.5805285245509619D+00    0.8209913127644127D+00    0.7108102882328415D+00    0.8209913127644127D+00   -0.8257190491019238D+00    0.5026187749466067D+00    0.7108102882328415D+00    0.5026187749466067D+00    0.3353380000000000D+00
   -0.5660122162238541D+00    0.8004621526526273D+00    0.6930408640940007D+00    0.8004621526526273D+00   -0.7966864324477082D+00    0.4900538946402524D+00    0.6930408640940007D+00    0.4900538946402524D+00    0.3353380000000000D+00
   -0.5519759427349737D+00    0.7806118643194748D+00    0.6758588249396886D+00    0.7806118643194748D+00   -0.7686138854699475D+00    0.4779043582396256D+00    0.6758588249396886D+00    0.4779043582396256D+00    0.3353380000000000D+00
   -0.5384000214207033D+00    0.7614126122751236D+00    0.6592400992660044D+00    0.7614126122751236D+00   -0.7414620428414066D+00    0.4661531446210845D+00    0.6592400992660044D+00    0.4661531446210845D+00    0.3353380000000000D+00
   -0.5252657303427006D+00    0.7428379197004562D+00    0.6431617896959338D+00    0.7428379197004562D+00   -0.7151934606854012D+00    0.4547840628940710D+00    0.6431617896959338D+00    0.4547840628940710D+00    0.3353380000000000D+00
   -0.5125552540101316D+00    0.7248625916867149D+00    0.6276021067039085D+00    0.7248625916867149D+00   -0.6897725080202631D+00    0.4437817055372969D+00    0.6276021067039085D+00    0.4437817055372969D+00    0.3353380000000000D+00
   -0.5002516325791372D+00    0.7074626433926983D+00    0.6125403065815714D+00    0.7074626433926983D+00   -0.6651652651582743D+00    0.4331314045339160D+00    0.6125403065815714D+00    0.4331314045339160D+00    0.3353380000000000D+00
   -0.4883387142808632D+00    0.6906152327678365D+00    0.5979566333418403D+00    0.6906152327678365D+00   -0.6413394285617263D+00    0.4228191902914934D+00    0.5979566333418403D+00    0.4228191902914934D+00    0.3353380000000000D+00
   -0.4768011108489832D+00    0.6742985975171896D+00    0.5838322642822059D+00    0.6742985975171896D+00   -0.6182642216979665D+00    0.4128317531494444D+00    0.5838322642822059D+00    0.4128317531494444D+00    0.3353380000000000D+00
   -0.4656241557355724D+00    0.6584919960097686D+00    0.5701492589500020D+00    0.6584919960097686D+00   -0.5959103114711447D+00    0.4031564072920314D+00    0.5701492589500020D+00    0.4031564072920314D+00    0.3353380000000000D+00
   -0.4547938649205746D+00    0.6431756518547540D+00    0.5568905112723265D+00    0.6431756518547540D+00   -0.5742497298411491D+00    0.3937810568991056D+00    0.5568905112723265D+00    0.3937810568991056D+00    0.3353380000000000D+00
   -0.4442969001351134D+00    0.6283307018914019D+00    0.5440397046315428D+00    0.6283307018914019D+00   -0.5532558002702267D+00    0.3846941643796904D+00    0.5440397046315428D+00    0.3846941643796904D+00    0.3353380000000000D+00
   -0.4341205343326288D+00    0.6139391473578585D+00    0.5315812696840154D+00    0.6139391473578585D+00   -0.5329030686652575D+00    0.3758847205453223D+00    0.5315812696840154D+00    0.3758847205453223D+00    0.3353380000000000D+00
   -0.4242526192544215D+00    0.5999838080219118D+00    0.5195003447350584D+00    0.5999838080219118D+00   -0.5131672385088429D+00    0.3673422165909090D+00    0.5195003447350584D+00    0.3673422165909090D+00    0.3353380000000000D+00
   -0.4146815549477335D+00    0.5864482790730486D+00    0.5077827384971365D+00    0.5864482790730486D+00   -0.4940251098954670D+00    0.3590566177608006D+00    0.5077827384971365D+00    0.3590566177608006D+00    0.3353380000000000D+00
   -0.4053962611050918D+00    0.5733168905901652D+00    0.4964148950712677D+00    0.5733168905901652D+00   -0.4754545222101835D+00    0.3510183385869019D+00    0.4964148950712677D+00    0.3510183385869019D+00    0.3353380000000000D+00
   -0.3963861501033828D+00    0.5605746694130614D+00    0.4853838610034238D+00    0.5605746694130614D+00   -0.4574343002067657D+00    0.3432182195940296D+00    0.4853838610034238D+00    0.3432182195940296D+00    0.3353380000000000D+00
   -0.3876411016300672D+00    0.5482073032584883D+00    0.4746772542786291D+00    0.5482073032584883D+00   -0.4399442032601343D+00    0.3356475053754298D+00    0.4746772542786291D+00    0.3356475053754298D+00    0.3353380000000000D+00
   -0.3791514387921723D+00    0.5362011069331625D+00    0.4642832351254731D+00    0.5362011069331625D+00   -0.4229648775843446D+00    0.3282978239484503D+00    0.4642832351254731D+00    0.3282978239484503D+00    0.3353380000000000D+00
   -0.3709079056112768D+00    0.5245429905068674D+00    0.4541904785129782D+00    0.5245429905068674D+00   -0.4064778112225534D+00    0.3211611673068898D+00    0.4541904785129782D+00    0.3211611673068898D+00    0.3353380000000000D+00
   -0.3629016458146598D+00    0.5132204293186092D+00    0.4443881482302548D+00    0.5132204293186092D+00   -0.3904652916293196D+00    0.3142298730925458D+00    0.4443881482302548D+00    0.3142298730925458D+00    0.3353380000000000D+00
   -0.3551241828392269D+00    0.5022214356978975D+00    0.4348658724472020D+00    0.5022214356978975D+00   -0.3749103656784538D+00    0.3074966073140208D+00    0.4348658724472020D+00    0.3074966073140208D+00    0.3353380000000000D+00
   -0.3475674009707290D+00    0.4915345322915727D+00    0.4256137206617282D+00    0.4915345322915727D+00   -0.3597968019414580D+00    0.3009543480459450D+00    0.4256137206617282D+00    0.3009543480459450D+00    0.3353380000000000D+00
   -0.3402235275462624D+00    0.4811487268943406D+00    0.4166221819456196D+00    0.4811487268943406D+00   -0.3451090550925248D+00    0.2945963700464833D+00    0.4166221819456196D+00    0.2945963700464833D+00    0.3353380000000000D+00
   -0.3330851161530774D+00    0.4710534886882998D+00    0.4078821444073324D+00    0.4710534886882998D+00   -0.3308322323061548D+00    0.2884162302353354D+00    0.4078821444073324D+00    0.2884162302353354D+00    0.3353380000000000D+00
   -0.3261450307613754D+00    0.4612387258033274D+00    0.3993848757956540D+00    0.4612387258033274D+00   -0.3169520615227508D+00    0.2824077539784540D+00    0.3993848757956540D+00    0.2824077539784540D+00    0.3353380000000000D+00
   -0.3193964307330776D+00    0.4516947641162773D+00    0.3911220051734310D+00    0.4516947641162773D+00   -0.3034548614661553D+00    0.2765650221294130D+00    0.3911220051734310D+00    0.2765650221294130D+00    0.3353380000000000D+00
   -0.3128327566525287D+00    0.4424123272125682D+00    0.3830855055954019D+00    0.4424123272125682D+00   -0.2903275133050574D+00    0.2708823587807858D+00    0.3830855055954019D+00    0.2708823587807858D+00    0.3353380000000000D+00
   -0.3064477169287730D+00    0.4333825174389418D+00    0.3752676777286668D+00    0.4333825174389418D+00   -0.2775574338575458D+00    0.2653543196820682D+00    0.3752676777286668D+00    0.2653543196820682D+00    0.3353380000000000D+00
   -0.3002352751224512D+00    0.4245967979809880D+00    0.3676611343584737D+00    0.4245967979809880D+00   -0.2651325502449024D+00    0.2599756812836152D+00    0.3676611343584737D+00    0.2599756812836152D+00    0.3353380000000000D+00
   -0.2941896379535180D+00    0.4160469759034958D+00    0.3602587857258522D+00    0.4160469759034958D+00   -0.2530412759070360D+00    0.2547414303687816D+00    0.3602587857258522D+00    0.2547414303687816D+00    0.3353380000000000D+00
   -0.2883052439489006D+00    0.4077251860958190D+00    0.3530538256471856D+00    0.4077251860958190D+00   -0.2412724878978012D+00    0.2496467542389780D+00    0.3530538256471856D+00    0.2496467542389780D+00    0.3353380000000000D+00
   -0.2825767526919329D+00    0.3996238760682796D+00    0.3460397183691206D+00    0.3996238760682796D+00   -0.2298155053838658D+00    0.2446870314186883D+00    0.3460397183691206D+00    0.2446870314186883D+00    0.3353380000000000D+00
   -0.2769990346379088D+00    0.3917357915491853D+00    0.3392101861152778D+00    0.3917357915491853D+00   -0.2186600692758175D+00    0.2398578228496638D+00    0.3392101861152778D+00    0.2398578228496638D+00    0.3353380000000000D+00
   -0.2715671614624322D+00    0.3840539628353358D+00    0.3325591972840719D+00    0.3840539628353358D+00   -0.2077963229248644D+00    0.2351548635455222D+00    0.3325591972840719D+00    0.2351548635455222D+00    0.3353380000000000D+00
   -0.2662763969114072D+00    0.3765716918519534D+00    0.3260809552595915D+00    0.3765716918519534D+00   -0.1972147938228144D+00    0.2305740546798444D+00    0.3260809552595915D+00    0.2305740546798444D+00    0.3353380000000000D+00
   -0.2611221881235206D+00    0.3692825398808216D+00    0.3197698877999460D+00    0.3692825398808216D+00   -0.1869063762470412D+00    0.2261114560826033D+00    0.3197698877999460D+00    0.2261114560826033D+00    0.3353380000000000D+00
   -0.2561001573979442D+00    0.3621803159180570D+00    0.3136206369697646D+00    0.3621803159180570D+00   -0.1768623147958883D+00    0.2217632791213650D+00    0.3136206369697646D+00    0.2217632791213650D+00    0.3353380000000000D+00
   -0.2512060943817166D+00    0.3552590656253994D+00    0.3076280495856571D+00    0.3552590656253994D+00   -0.1670741887634330D+00    0.2175258799452097D+00    0.3076280495856571D+00    0.2175258799452097D+00    0.3353380000000000D+00
   -0.2464359486528864D+00    0.3485130608411917D+00    0.3017871681454195D+00    0.3485130608411917D+00   -0.1575338973057729D+00    0.2133957530707110D+00    0.3017871681454195D+00    0.2133957530707110D+00    0.3353380000000000D+00
   -0.2417858226770022D+00    0.3419367896193528D+00    0.2960932222136033D+00    0.3419367896193528D+00   -0.1482336453540044D+00    0.2093695252906142D+00    0.2960932222136033D+00    0.2093695252906142D+00    0.3353380000000000D+00
   -0.2372519651159355D+00    0.3355249467666244D+00    0.2905416202377807D+00    0.3355249467666244D+00   -0.1391659302318710D+00    0.2054439498870614D+00    0.2905416202377807D+00    0.2054439498870614D+00    0.3353380000000000D+00
   -0.2328307644693317D+00    0.3292724248502247D+00    0.2851279417714312D+00    0.3292724248502247D+00   -0.1303235289386634D+00    0.2016159011323421D+00    0.2851279417714312D+00    0.2016159011323421D+00    0.3353380000000000D+00
   -0.2285187430301996D+00    0.3231743056497604D+00    0.2798479300808601D+00    0.3231743056497604D+00   -0.1216994860603990D+00    0.1978823690611950D+00    0.2798479300808601D+00    0.1978823690611950D+00    0.3353380000000000D+00
   -0.2243125511372838D+00    0.3172258520288552D+00    0.2746974851149474D+00    0.3172258520288552D+00   -0.1132871022745676D+00    0.1942404544996700D+00    0.2746974851149474D+00    0.1942404544996700D+00    0.3353380000000000D+00
   -0.2202089617079266D+00    0.3114225002034474D+00    0.2696726568178150D+00    0.3114225002034474D+00   -0.1050799234158533D+00    0.1906873643364697D+00    0.2696726568178150D+00    0.1906873643364697D+00    0.3353380000000000D+00
   -0.2162048650361106D+00    0.3057598523851122D+00    0.2647696387657114D+00    0.3057598523851122D+00   -0.9707173007222126D-01    0.1872204070235472D+00    0.2647696387657114D+00    0.1872204070235472D+00    0.3353380000000000D+00
   -0.2122972638412983D+00    0.3002336697790633D+00    0.2599847621105339D+00    0.3002336697790633D+00   -0.8925652768259651D-01    0.1838369882935299D+00    0.2599847621105339D+00    0.1838369882935299D+00    0.3353380000000000D+00
   -0.2084832685545461D+00    0.2948398659177114D+00    0.2553144898134668D+00    0.2948398659177114D+00   -0.8162853710909224D-01    0.1805346070822861D+00    0.2553144898134668D+00    0.1805346070822861D+00    0.3353380000000000D+00
   -0.2047600928291756D+00    0.2895745003117942D+00    0.2507554111531926D+00    0.2895745003117942D+00   -0.7418218565835127D-01    0.1773108516456434D+00    0.2507554111531926D+00    0.1773108516456434D+00    0.3353380000000000D+00
   -0.2011250492640372D+00    0.2844337724021583D+00    0.2463042364940556D+00    0.2844337724021583D+00   -0.6691209852807434D-01    0.1741633958599219D+00    0.2463042364940556D+00    0.1741633958599219D+00    0.3353380000000000D+00
   -0.1975755453281060D+00    0.2794140157962678D+00    0.2419577923004167D+00    0.2794140157962678D+00   -0.5981309065621210D-01    0.1710899956965509D+00    0.2419577923004167D+00    0.1710899956965509D+00    0.3353380000000000D+00
   -0.1941090794758106D+00    0.2745116927744484D+00    0.2377130163842422D+00    0.2745116927744484D+00   -0.5288015895162124D-01    0.1680884858616066D+00    0.2377130163842422D+00    0.1680884858616066D+00    0.3353380000000000D+00
   -0.1907232374431066D+00    0.2697233890517456D+00    0.2335669533737240D+00    0.2697233890517456D+00   -0.4610847488621322D-01    0.1651567765916424D+00    0.2335669533737240D+00    0.1651567765916424D+00    0.3353380000000000D+00
   -0.1874156887148916D+00    0.2650458087820939D+00    0.2295167503914322D+00    0.2650458087820939D+00   -0.3949337742978310D-01    0.1622928505976819D+00    0.2295167503914322D+00    0.1622928505976819D+00    0.3353380000000000D+00
   -0.1841841831548924D+00    0.2604757697922590D+00    0.2255596529311629D+00    0.2604757697922590D+00   -0.3303036630978484D-01    0.1594947601497094D+00    0.2255596529311629D+00    0.1594947601497094D+00    0.3353380000000000D+00
